	(1)	(2)	(3)	(4)	(5)	(6)	(7)	(8)	(9)	(10)	(11)	(12)
VARIABLES	Insured	Voluntary_Uninsured	Non_voluntary_Uninsured	Insured	Voluntary_Uninsured	Non_voluntary_Uninsured	Insured	Voluntary_Uninsured	Non_voluntary_Uninsured	Insured	Voluntary_Uninsured	Non_voluntary_Uninsured
												
pers_risky		1.394**	1.221**		1.386**	1.217**		1.287**	1.101*		1.200	1.070
		(0.117)	(0.0450)		(0.116)	(0.0452)		(0.117)	(0.0464)		(0.118)	(0.0484)
gen_health					0.941	0.736**		1.073	0.867**		1.106	0.891*
					(0.0856)	(0.0296)		(0.105)	(0.0398)		(0.119)	(0.0443)
injury_past12					1.412	1.337**		1.323	1.194		1.313	1.180
					(0.313)	(0.137)		(0.304)	(0.134)		(0.328)	(0.142)
rent_own								0.591**	0.520**		0.772	0.631**
								(0.114)	(0.0467)		(0.158)	(0.0604)
2.education								0.263	0.548		0.215	0.753
								(0.233)	(0.327)		(0.207)	(0.552)
3.education								0.130*	0.348		0.143*	0.561
								(0.115)	(0.206)		(0.136)	(0.408)
4.education								0.199	0.256*		0.197	0.415
								(0.184)	(0.157)		(0.198)	(0.311)
5.education								0.0582**	0.216*		0.0805*	0.399
								(0.0568)	(0.131)		(0.0838)	(0.295)
6.education								0.120*	0.189**		0.130*	0.342
								(0.105)	(0.111)		(0.123)	(0.248)
7.education								0.0844**	0.0812**		0.109*	0.161*
								(0.0754)	(0.0488)		(0.106)	(0.119)
8.education								0.0763*	0.0833**		0.116*	0.180*
								(0.0771)	(0.0539)		(0.125)	(0.139)
9.education								0.0151**	0.0490**		0.0217**	0.0950**
								(0.0201)	(0.0327)		(0.0300)	(0.0758)
10.education								4.89e-08	0.0722**		1.46e-08	0.116*
								(6.34e-05)	(0.0572)		(4.08e-05)	(0.110)
11.education								4.21e-08	6.38e-08		1.19e-08	2.68e-08
								(7.77e-05)	(4.80e-05)		(4.39e-05)	(4.16e-05)
12.education								4.29e-08	0.101**		9.06e-09	0.171*
								(5.87e-05)	(0.0786)		(3.05e-05)	(0.153)
13.education								0.0508*	0.0421**		0.0729	0.0983*
								(0.0680)	(0.0354)		(0.102)	(0.0930)
male								1.686**	1.463**		1.959**	1.591**
								(0.331)	(0.135)		(0.423)	(0.159)
add_extraversion								1.011	1.012		1.003	0.994
								(0.0304)	(0.0143)		(0.0331)	(0.0152)
add_agreeable								1.021	0.980		0.989	0.986
								(0.0394)	(0.0184)		(0.0426)	(0.0197)
add_conscientious								0.988	1.022		1.011	1.018
								(0.0329)	(0.0157)		(0.0361)	(0.0166)
add_openness								1.036	0.962*		1.039	0.961*
								(0.0395)	(0.0177)		(0.0431)	(0.0189)
add_neuroticism								0.974	0.981		1.004	0.982
								(0.0325)	(0.0153)		(0.0370)	(0.0163)
2.empstat								2.747	4.455**		2.657	3.554**
								(1.734)	(1.279)		(1.701)	(1.086)
3.empstat								1.379	1.712		1.216	1.451
								(1.457)	(0.709)		(1.294)	(0.641)
4.empstat								6.04e-07	0.352		1.11e-07	0.337
								(0.00123)	(0.367)		(0.000432)	(0.356)
5.empstat								3.87e-07	0.497		1.67e-07	0.210**
								(0.000424)	(0.204)		(0.000253)	(0.116)
6.empstat								7.262**	5.263**		5.013**	5.737**
								(1.890)	(0.845)		(1.611)	(1.033)
7.empstat								1.191	2.089		7.84e-07	2.322
								(1.261)	(0.912)		(0.000931)	(1.126)
8.empstat								1.463	2.126**		0.862	1.611*
								(0.778)	(0.439)		(0.531)	(0.360)
9.empstat								1.444	1.075		1.426	0.969
								(0.605)	(0.211)		(0.608)	(0.207)
10.empstat								7.88e-08	1.41e-07			
								(0.000834)	(0.000610)			
11.empstat								3.924**	1.457		1.604	1.054
								(1.803)	(0.466)		(1.017)	(0.385)
2o.education							1			1		
							(0)			(0)		
3o.education							1			1		
							(0)			(0)		
4o.education							1			1		
							(0)			(0)		
5o.education							1			1		
							(0)			(0)		
6o.education							1			1		
							(0)			(0)		
7o.education							1			1		
							(0)			(0)		
8o.education							1			1		
							(0)			(0)		
9o.education							1			1		
							(0)			(0)		
10o.education							1			1		
							(0)			(0)		
11o.education							1			1		
							(0)			(0)		
12o.education							1			1		
							(0)			(0)		
13o.education							1			1		
							(0)			(0)		
2o.empstat							1			1		
							(0)			(0)		
3o.empstat							1			1		
							(0)			(0)		
4o.empstat							1			1		
							(0)			(0)		
5o.empstat							1			1		
							(0)			(0)		
6o.empstat							1			1		
							(0)			(0)		
7o.empstat							1			1		
							(0)			(0)		
8o.empstat							1			1		
							(0)			(0)		
9o.empstat							1			1		
							(0)			(0)		
10o.empstat							1					
							(0)					
11o.empstat							1			1		
							(0)			(0)		
hh_income2006											0.811**	0.852**
											(0.0291)	(0.0146)
race_hispanic											1.711*	0.916
											(0.436)	(0.130)
Constant		0.0134**	0.124**		0.0163**	0.357**		0.0752*	2.028		0.216	4.011
		(0.00384)	(0.0149)		(0.00712)	(0.0660)		(0.0937)	(1.457)		(0.297)	(3.411)
												
Observations	5,067	5,067	5,067	5,067	5,067	5,067	4,957	4,957	4,957	4,640	4,640	4,640
AIC	6029	6029	6029	5966	5966	5966	5326	5326	5326			
r2_p	0.00694	0.00694	0.00694	0.0186	0.0186	0.0186	0.129	0.129	0.129			
seEform in parentheses												
** p<0.01, * p<0.05												
